volumen=0.90625
vfx=0.275
slider_volumen_pos=0.90625
slider_vfx_pos=0.275
